26
23
23
26
25
24
28
25
31
16
24
27
24
21
25
24
25
24
23
26
26
22
23
22
27
24
27
16
22
22
20
25
22
24
28
23
22
25
19
25
21
20
23
23
26
25
20
21
23
23
27
31
23
23
28
22
23
29
22
23
25
25
26
27
24
23
20
22
22
29
24
22
27
26
22
23
23
22
21
23
22
23
22
25
26
23
25
21
24
23
22
21
26
23
21
26
26
26
24
22
19
22
24
23
23
26
21
24
20
22
24
24
19
24
24
23
24
23
19
23
27
19
23
26
23
27
27
24
26
22
21
26
24
24
27
23
31
27
28
24
24
26
24
21
22
26
24
22
22
23
19
23
21
23
23
22
22
24
22
25
21
23
23
25
17
24
24
26
24
27
24
20
24
24
20
23
24
22
23
25
21
23
20
26
24
23
22
28
25
21
25
25
22
27
19
23
22
22
20
25
23
22
19
18
24
23
22
22
26
26
23
21
22
23
27
24
24
23
26
25
24
19
20
20
25
29
22
29
23
25
27
23
26
18
19
22
19
20
23
24
20
21
23
24
24
21
24
24
16
21
22
18
17
25
23
20
25
30
23
26
23
24
22
21
25
22
17
22
27
26
26
22
19
18
21
27
23
25
27
16
22
23
24
24
21
24
19
20
26
19
21
24
24
23
21
18
27
26
24
24
22
27
18
25
26
25
21
18
28
25
22
18
20
22
28
22
25
22
22
54
19
22
20
25
17
22
24
16
19
21
20
23
23
18
22
19
27
27
19
23
22
25
22
23
20
22
17
21
24
19
25
24
22
25
27
26
25
20
23
30
20
24
24
13
23
20
23
21
23
19
28
23
22
19
24
20
21
21
15
21
23
20
28
18
21
16
24
25
21
21
25
19
20
20
17
26
21
21
29
25
25
18
17
23
20
19
19
20
20
22
27
20
19
24
18
25
22
17
20
19
25
18
27
26
16
20
22
16
17
19
16
20
24
19
26
21
19
21
21
29
19
19
20
16
25
16
20
18
21
26
24
24
24
13
15
24
18
28
16
13
22
18
21
15
23
20
17
19
19
20
13
23
24
19
23
21
18
25
20
19
16
21
20
17
20
19
26
16
22
18
22
16
20
17
19
16
16
24
18
17
15
18
15
17
18
17
15
21
16
18
14
19
17
17
17
19
18
18
16
20
18
14
14
12
11
12
12
16
17
14
16
17
15
14
18
15
11
10
12
14
14
14
11
13
14
14
12
21
12
14
14
18
14
17
19
10
13
9
19
12
9
17
15
16
18
13
13
12
17
13
10
9
9
11
13
16
11
15
14
15
10
10
12
0
12
12
14
18
14
12
11
10
16
14
8
10
16
11
12
12
12
11
11
12
9
13
14
11
12
8
10
8
12
8
8
9
6
10
4
12
11
9
6
8
12
14
9
12
9
10
8
7
12
4
6
7
10
7
4
8
7
4
9
2
6
6
8
5
9
10
7
5
10
3
6
5
8
7
3
6
4
8
3
5
6
9
6
4
6
4
19
4
7
4
4
4
8
8
6
6
2
4
4
5
7
4
6
8
4
10
7
5
7
2
10
8
0
6
6
6
6
9
6
4
8
6
6
2
2
6
7
5
4
8
10
9
3
8
6
5
4
6
6
6
4
6
10
4
6
7
6
4
5
8
2
7
5
2
8
7
5
4
4
5
7
4
3
6
6
8
8
6
4
3
7
5
5
2
4
4
5
4
4
2
6
4
4
8
2
4
4
6
7
0
4
4
4
5
7
2
4
4
4
4
4
2
4
4
2
0
2
2
5
4
3
4
4
6
4
5
8
2
4
6
4
6
4
2
6
0
4
4
2
2
5
4
4
5
3
1
2
4
2
4
0
4
4
4
2
4
6
2
6
6
4
2
2
2
2
6
4
0
5
4
4
4
2
4
0
2
3
2
4
4
2
4
0
2
3
2
2
5
4
6
2
2
2
4
4
2
4
6
4
2
2
4
4
2
0
6
3
4
4
5
2
2
2
4
4
6
7
6
4
4
4
2
6
5
6
2
5
4
9
4
4
4
2
2
8
2
2
4
3
4
4
4
2
2
2
2
2
0
6
4
5
4
2
9
2
2
2
4
0
2
2
0
2
2
2
0
2
0
0
2
2
0
0
2
0
2
0
0
0
0
2
0
0
0
0
0
0
0
0
0
0
2
0
2
0
0
0
0
0
0
0